7378498631416024331
7425056646369414452
7290850806662696227
7415807296967576858
7175906916202319142
7438877891116404003
7421656863369907483
7438623087358201097
7438832891666222336
7439066467376598313
7424834976354536723
7437074002268507446
7437748723188305163
7440259069115419954
7431446392775724342
7429901538425965824
7440373542929190156
7427690236378877218
7413886433133464873
7438935551253695807
7398863430091820298
7414348069728161078
7399137829747461411
7396919054327450907
7440319746765016335
7440004751321828665
7437884690733829435
7438905059271904572
7436301427191991610
7265144537952111933
7330495597981617419
7417267790484114699
7338770115942452532
7421419644843478299
7337871752720043327
7429534525157313802
7416579181208833314
7431038710717746459
7435459127184313635
7432881627765738752
7404200659312069900
7406258458091195699
7405855833860410676
7401004215746809114
7400312418045381928
7417360131056307482
7381414966777138458
7439894379508010240
7425944404294225202
7345066507052797234
7397216134895897868
7324533447903464730
7436159214323502347
7322757295639760179
7206883969848134912
7370211882499689738
7370608700282637595
7379877250251935026
7280823151573896489
7384668762655493426
7357707731337366793
7404717872456404264
7401873612464098598
7401294173816638758
7422595929804541211
7435255486020078887
7418553817073011979
7412237510123900172
7412552323085520137
7406297704214629641
7406866590492429587
7250414307857403136
7222898902473755964
7282442419419745571
7419558438809783602
7382078855302941978
7431085640084688182
7436299957885357339
7440118770363862282
7440687473535077684
7378712179165433128
7423358027043982607
7440562546374987060
7431764346281168163
7439541789532359972
7434809875164663103
7148951413572373764
7340593031466192154
7260352255214406948
7253284024385309956
7394364662298463503
7440651275416522003
7415148653838470411
7166075838402776335
7432953308387511589
7425540337432579368
7376572563046059276
7438869925449551139
7439307700833504562
7424068053698104586
7433749151872978227
7324222963241274624
7309038424248438028
7340916230997576998
7419902795375070499
7396513992191069450
