7442244370289446194
7442283592572554534
7442278687287921978
7441626099743739155
7442289439356849434
7436229093206527247
7432680400490663177
7423610035801967926
7434515029824671027
7405789966585875746
7358824870399970571
7401504712526204198
7377299881624390948
7444898811257933071
7415082694922587444
7442949030914608424
7442294621679455523
7444370383387610407
7444855443224022309
7168766059955096867
7409610912220433727
7306676753601269029
7444726793665301819
7426312006870879524
7321536987037437223
